main
10 255 0 0 0 0 0 0
0 0 0 0 0 0 0 0
0 0 0 0 0 0 0 0
0 0 0 0 0 0 0 0
0 0 0 0 0 0 0 0
0 0
 
half
10 226 11 226 2 2 4 9
8 54 20 225 0 0 0 0
0 0 0 0 0 0 0 0
0 0 0 0 0 0 0 0
0 0 0 0 0 0 0 0
0 0

nextTerm
0 0 0 0 0 0 0 0
0 0 0 0 0 0 0 0
0 0 0 0 0 0 0 0
0 0 0 0 0 0 0 0
0 0 0 0 0 0 0 0
0 0

isEven
10 221 12 254 15 254 4 2
2 4 4 9 <isEven> 14 254 15
254 9 <isOdd> 19 152 0 0 0
0 0 0 0 0 0 0 0
0 0 0 0 0 0 0 0
0 0

print term
10 241 7 2 8 203 2 17
20 240 0 0 0 0 0 0
0 0 0 0

main frame
0 0 0 0 0

half frame
0 0 0 0 0

nextTerm frame
0 0 0 0 0

printTerm frame
0 0 0 0 0

extra bytes
0 0 0 0 0 0 0 0
0 0

To call half function,
R0 --> 226
R1 --> 227


